   25   25      0.5 +       25797.8722    25798.0450       -0.1728   0.19E-02  (   3     0   0     0.5     0.5 )(   3     0   0     0.5     0.5 ) 
   30   30      0.5 +       27921.4687    27919.1306        2.3381   0.22E-02  (   3     1   0     0.5     0.5 )(   3     1   0     0.5     0.5 ) 
   33   33      0.5 +       30004.9086    30003.8279        1.0807   0.23E-02  (   3     2   0     0.5     0.5 )(   3     2   0     0.5     0.5 ) 
   37   37      0.5 +       32045.9444    32045.9508       -0.0064   0.20E-02  (   3     3   0     0.5     0.5 )(   3     3   0     0.5     0.5 ) 
   40   40      0.5 +       34041.9673    34042.1184       -0.1511   0.20E-02  (   3     4   0     0.5     0.5 )(   3     4   0     0.5     0.5 ) 
   44   44      0.5 +       35990.0375    35989.5700        0.4675   0.15E-02  (   3     5   0     0.5     0.5 )(   3     5   0     0.5     0.5 ) 
   48   48      0.5 +       37887.4233    37885.8632        1.5601   0.24E-02  (   3     6   0     0.5     0.5 )(   3     6   0     0.5     0.5 ) 
   51   51      0.5 +       39730.5319    39728.9356        1.5964   0.17E-02  (   3     7   0     0.5     0.5 )(   3     7   0     0.5     0.5 ) 
   55   55      0.5 +       41516.6349    41516.9090       -0.2741   0.12E-02  (   3     8   0     0.5     0.5 )(   3     8   0     0.5     0.5 ) 
   25   25      0.5 -       25801.7696    25801.9625       -0.1928   0.10E-02  (   3     0   0    -0.5    -0.5 )(   3     0   0     0.5     0.5 ) 
   30   30      0.5 -       27925.3233    27923.0072        2.3161   0.13E-02  (   3     1   0    -0.5    -0.5 )(   3     1   0     0.5     0.5 ) 
   33   33      0.5 -       30008.7208    30007.6607        1.0602   0.10E-02  (   3     2   0    -0.5    -0.5 )(   3     2   0     0.5     0.5 ) 
   37   37      0.5 -       32049.7177    32049.7375       -0.0198   0.12E-02  (   3     3   0    -0.5    -0.5 )(   3     3   0     0.5     0.5 ) 
   40   40      0.5 -       34045.7034    34045.8564       -0.1530   0.14E-02  (   3     4   0    -0.5    -0.5 )(   3     4   0     0.5     0.5 ) 
   44   44      0.5 -       35993.7507    35993.2571        0.4937   0.13E-02  (   3     5   0    -0.5    -0.5 )(   3     5   0     0.5     0.5 ) 
   48   48      0.5 -       37891.0463    37889.4969        1.5494   0.11E-02  (   3     6   0    -0.5    -0.5 )(   3     6   0     0.5     0.5 ) 
   51   51      0.5 -       39734.1066    39732.5134        1.5932   0.13E-02  (   3     7   0    -0.5    -0.5 )(   3     7   0     0.5     0.5 ) 
   55   55      0.5 -       41520.1388    41520.4286       -0.2898   0.16E-02  (   3     8   0    -0.5    -0.5 )(   3     8   0     0.5     0.5 ) 
   35   35      1.5 +       25809.6016    25809.7974       -0.1958   0.17E-02  (   3     0   0     0.5     0.5 )(   3     0   0     0.5     0.5 ) 
   42   42      1.5 +       27933.0734    27930.7603        2.3131   0.24E-02  (   3     1   0     0.5     0.5 )(   3     1   0     0.5     0.5 ) 
   46   46      1.5 +       30016.3851    30015.3261        1.0590   0.22E-02  (   3     2   0     0.5     0.5 )(   3     2   0     0.5     0.5 ) 
   52   52      1.5 +       32057.2847    32057.3107       -0.0259   0.41E-02  (   3     3   0     0.5     0.5 )(   3     3   0     0.5     0.5 ) 
   56   56      1.5 +       34053.1735    34053.3324       -0.1589   0.37E-02  (   3     4   0     0.5     0.5 )(   3     4   0     0.5     0.5 ) 
   62   62      1.5 +       36001.1572    36000.6310        0.5261   0.34E-02  (   3     5   0     0.5     0.5 )(   3     5   0     0.5     0.5 ) 
   67   67      1.5 +       37898.3134    37896.7641        1.5493   0.37E-02  (   3     6   0     0.5     0.5 )(   3     6   0     0.5     0.5 ) 
   71   71      1.5 +       39741.2659    39739.6689        1.5969   0.30E-02  (   3     7   0     0.5     0.5 )(   3     7   0     0.5     0.5 ) 
   77   77      1.5 +       41527.1647    41527.4676       -0.3029   0.39E-02  (   3     8   0     0.5     0.5 )(   3     8   0     0.5     0.5 ) 
   35   35      1.5 -       25801.7775    25801.9625       -0.1850   0.34E-02  (   3     0   0    -0.5    -0.5 )(   3     0   0     0.5     0.5 ) 
   42   42      1.5 -       27925.3247    27923.0072        2.3175   0.37E-02  (   3     1   0    -0.5    -0.5 )(   3     1   0     0.5     0.5 ) 
   46   46      1.5 -       30008.7261    30007.6607        1.0654   0.30E-02  (   3     2   0    -0.5    -0.5 )(   3     2   0     0.5     0.5 ) 
   52   52      1.5 -       32049.7341    32049.7375       -0.0034   0.39E-02  (   3     3   0    -0.5    -0.5 )(   3     3   0     0.5     0.5 ) 
   56   56      1.5 -       34045.7136    34045.8564       -0.1429   0.48E-02  (   3     4   0    -0.5    -0.5 )(   3     4   0     0.5     0.5 ) 
   62   62      1.5 -       35993.7616    35993.2571        0.5045   0.31E-02  (   3     5   0    -0.5    -0.5 )(   3     5   0     0.5     0.5 ) 
   67   67      1.5 -       37891.0672    37889.4969        1.5703   0.42E-02  (   3     6   0    -0.5    -0.5 )(   3     6   0     0.5     0.5 ) 
   71   71      1.5 -       39734.1183    39732.5134        1.6048   0.52E-02  (   3     7   0    -0.5    -0.5 )(   3     7   0     0.5     0.5 ) 
   77   77      1.5 -       41520.1730    41520.4286       -0.2556   0.31E-02  (   3     8   0    -0.5    -0.5 )(   3     8   0     0.5     0.5 ) 
   35   35      2.5 +       25809.6262    25809.7974       -0.1712   0.37E-02  (   3     0   0     0.5     0.5 )(   3     0   0     0.5     0.5 ) 
   42   42      2.5 +       27933.0948    27930.7603        2.3345   0.40E-02  (   3     1   0     0.5     0.5 )(   3     1   0     0.5     0.5 ) 
   46   46      2.5 +       30016.4078    30015.3261        1.0817   0.42E-02  (   3     2   0     0.5     0.5 )(   3     2   0     0.5     0.5 ) 
   52   52      2.5 +       32057.3234    32057.3107        0.0127   0.41E-02  (   3     3   0     0.5     0.5 )(   3     3   0     0.5     0.5 ) 
   56   56      2.5 +       34053.1995    34053.3324       -0.1329   0.43E-02  (   3     4   0     0.5     0.5 )(   3     4   0     0.5     0.5 ) 
   62   62      2.5 +       36001.2129    36000.6310        0.5819   0.27E-02  (   3     5   0     0.5     0.5 )(   3     5   0     0.5     0.5 ) 
   67   67      2.5 +       37898.3543    37896.7641        1.5902   0.47E-02  (   3     6   0     0.5     0.5 )(   3     6   0     0.5     0.5 ) 
   71   71      2.5 +       39741.2796    39739.6689        1.6107   0.55E-02  (   3     7   0     0.5     0.5 )(   3     7   0     0.5     0.5 ) 
   77   77      2.5 +       41527.2387    41527.4676       -0.2290   0.32E-02  (   3     8   0     0.5     0.5 )(   3     8   0     0.5     0.5 ) 
   35   35      2.5 -       25821.3445    25821.5494       -0.2049   0.27E-02  (   3     0   0    -0.5    -0.5 )(   3     0   0     0.5     0.5 ) 
   42   42      2.5 -       27944.6904    27942.3895        2.3009   0.21E-02  (   3     1   0    -0.5    -0.5 )(   3     1   0     0.5     0.5 ) 
   46   46      2.5 -       30027.8765    30026.8239        1.0526   0.33E-02  (   3     2   0    -0.5    -0.5 )(   3     2   0     0.5     0.5 ) 
   52   52      2.5 -       32068.6320    32068.6700       -0.0381   0.45E-02  (   3     3   0    -0.5    -0.5 )(   3     3   0     0.5     0.5 ) 
   56   56      2.5 -       34064.3808    34064.5459       -0.1650   0.52E-02  (   3     4   0    -0.5    -0.5 )(   3     4   0     0.5     0.5 ) 
   62   62      2.5 -       36012.2397    36011.6915        0.5482   0.35E-02  (   3     5   0    -0.5    -0.5 )(   3     5   0     0.5     0.5 ) 
   67   67      2.5 -       37909.2108    37907.6644        1.5464   0.51E-02  (   3     6   0    -0.5    -0.5 )(   3     6   0     0.5     0.5 ) 
   71   71      2.5 -       39752.0072    39750.4018        1.6054   0.26E-02  (   3     7   0    -0.5    -0.5 )(   3     7   0     0.5     0.5 ) 
   77   77      2.5 -       41537.7157    41538.0257       -0.3100   0.41E-02  (   3     8   0    -0.5    -0.5 )(   3     8   0     0.5     0.5 ) 
   36   36      3.5 +       25837.0429    25837.2179       -0.1751   0.16E-02  (   3     0   0     0.5     0.5 )(   3     0   0     0.5     0.5 ) 
   42   42      3.5 +       27960.1802    27957.8944        2.2858   0.46E-02  (   3     1   0     0.5     0.5 )(   3     1   0     0.5     0.5 ) 
   46   46      3.5 +       30043.1902    30042.1535        1.0367   0.43E-02  (   3     2   0     0.5     0.5 )(   3     2   0     0.5     0.5 ) 
   52   52      3.5 +       32083.7637    32083.8151       -0.0514   0.40E-02  (   3     3   0     0.5     0.5 )(   3     3   0     0.5     0.5 ) 
   56   56      3.5 +       34079.3301    34079.4964       -0.1663   0.54E-02  (   3     4   0     0.5     0.5 )(   3     4   0     0.5     0.5 ) 
   62   62      3.5 +       36027.0142    36026.4380        0.5761   0.34E-02  (   3     5   0     0.5     0.5 )(   3     5   0     0.5     0.5 ) 
   67   67      3.5 +       37923.7448    37922.1973        1.5475   0.51E-02  (   3     6   0     0.5     0.5 )(   3     6   0     0.5     0.5 ) 
   71   71      3.5 +       39766.3229    39764.7113        1.6117   0.27E-02  (   3     7   0     0.5     0.5 )(   3     7   0     0.5     0.5 ) 
   77   77      3.5 +       41551.7881    41552.1022       -0.3141   0.36E-02  (   3     8   0     0.5     0.5 )(   3     8   0     0.5     0.5 ) 
   35   35      3.5 -       25821.3813    25821.5494       -0.1681   0.35E-02  (   3     0   0    -0.5    -0.5 )(   3     0   0     0.5     0.5 ) 
   42   42      3.5 -       27944.7276    27942.3895        2.3381   0.27E-02  (   3     1   0    -0.5    -0.5 )(   3     1   0     0.5     0.5 ) 
   46   46      3.5 -       30027.9089    30026.8239        1.0850   0.40E-02  (   3     2   0    -0.5    -0.5 )(   3     2   0     0.5     0.5 ) 
   52   52      3.5 -       32068.6994    32068.6700        0.0294   0.39E-02  (   3     3   0    -0.5    -0.5 )(   3     3   0     0.5     0.5 ) 
   56   56      3.5 -       34064.4338    34064.5459       -0.1121   0.46E-02  (   3     4   0    -0.5    -0.5 )(   3     4   0     0.5     0.5 ) 
   62   62      3.5 -       36012.3389    36011.6915        0.6473   0.25E-02  (   3     5   0    -0.5    -0.5 )(   3     5   0     0.5     0.5 ) 
   67   67      3.5 -       37909.2836    37907.6644        1.6192   0.45E-02  (   3     6   0    -0.5    -0.5 )(   3     6   0     0.5     0.5 ) 
   71   71      3.5 -       39752.0234    39750.4018        1.6216   0.54E-02  (   3     7   0    -0.5    -0.5 )(   3     7   0     0.5     0.5 ) 
   77   77      3.5 -       41537.8287    41538.0257       -0.1970   0.36E-02  (   3     8   0    -0.5    -0.5 )(   3     8   0     0.5     0.5 ) 
   35   35      4.5 +       25837.0648    25837.2179       -0.1531   0.19E-02  (   3     0   0     0.5     0.5 )(   3     0   0     0.5     0.5 ) 
   42   42      4.5 +       27960.2405    27957.8944        2.3461   0.44E-02  (   3     1   0     0.5     0.5 )(   3     1   0     0.5     0.5 ) 
   46   46      4.5 +       30043.2522    30042.1535        1.0987   0.42E-02  (   3     2   0     0.5     0.5 )(   3     2   0     0.5     0.5 ) 
   52   52      4.5 +       32083.8608    32083.8151        0.0457   0.40E-02  (   3     3   0     0.5     0.5 )(   3     3   0     0.5     0.5 ) 
   56   56      4.5 +       34079.4044    34079.4964       -0.0920   0.47E-02  (   3     4   0     0.5     0.5 )(   3     4   0     0.5     0.5 ) 
   62   62      4.5 +       36027.1203    36026.4380        0.6823   0.25E-02  (   3     5   0     0.5     0.5 )(   3     5   0     0.5     0.5 ) 
   67   67      4.5 +       37923.8465    37922.1973        1.6493   0.47E-02  (   3     6   0     0.5     0.5 )(   3     6   0     0.5     0.5 ) 
   71   71      4.5 +       39766.3487    39764.7113        1.6374   0.53E-02  (   3     7   0     0.5     0.5 )(   3     7   0     0.5     0.5 ) 
   77   77      4.5 +       41551.9406    41552.1022       -0.1616   0.36E-02  (   3     8   0     0.5     0.5 )(   3     8   0     0.5     0.5 ) 
   36   36      4.5 -       25856.5779    25856.8024       -0.2245   0.27E-02  (   3     0   0    -0.5    -0.5 )(   3     0   0     0.5     0.5 ) 
   42   42      4.5 -       27979.5467    27977.2743        2.2724   0.40E-02  (   3     1   0    -0.5    -0.5 )(   3     1   0     0.5     0.5 ) 
   46   46      4.5 -       30062.3369    30061.3143        1.0226   0.44E-02  (   3     2   0    -0.5    -0.5 )(   3     2   0     0.5     0.5 ) 
   52   52      4.5 -       32102.6854    32102.7451       -0.0597   0.48E-02  (   3     3   0    -0.5    -0.5 )(   3     3   0     0.5     0.5 ) 
   56   56      4.5 -       34098.0097    34098.1832       -0.1735   0.53E-02  (   3     4   0    -0.5    -0.5 )(   3     4   0     0.5     0.5 ) 
   62   62      4.5 -       36045.4738    36044.8699        0.6039   0.28E-02  (   3     5   0    -0.5    -0.5 )(   3     5   0     0.5     0.5 ) 
   67   67      4.5 -       37941.9136    37940.3620        1.5516   0.47E-02  (   3     6   0    -0.5    -0.5 )(   3     6   0     0.5     0.5 ) 
   71   71      4.5 -       39784.2191    39782.5967        1.6223   0.27E-02  (   3     7   0    -0.5    -0.5 )(   3     7   0     0.5     0.5 ) 
   77   77      4.5 -       41569.3859    41569.6963       -0.3104   0.41E-02  (   3     8   0    -0.5    -0.5 )(   3     8   0     0.5     0.5 ) 
   36   36      5.5 +       25880.0647    25880.3021       -0.2374   0.34E-02  (   3     0   0     0.5     0.5 )(   3     0   0     0.5     0.5 ) 
   42   42      5.5 +       28002.7811    28000.5284        2.2528   0.46E-02  (   3     1   0     0.5     0.5 )(   3     1   0     0.5     0.5 ) 
   46   46      5.5 +       30085.3176    30084.3054        1.0121   0.45E-02  (   3     2   0     0.5     0.5 )(   3     2   0     0.5     0.5 ) 
   52   52      5.5 +       32125.3967    32125.4593       -0.0627   0.44E-02  (   3     3   0     0.5     0.5 )(   3     3   0     0.5     0.5 ) 
   56   56      5.5 +       34120.4408    34120.6056       -0.1648   0.54E-02  (   3     4   0     0.5     0.5 )(   3     4   0     0.5     0.5 ) 
   62   62      5.5 +       36067.6237    36066.9861        0.6376   0.21E-02  (   3     5   0     0.5     0.5 )(   3     5   0     0.5     0.5 ) 
   67   67      5.5 +       37963.7292    37962.1576        1.5716   0.41E-02  (   3     6   0     0.5     0.5 )(   3     6   0     0.5     0.5 ) 
   71   71      5.5 +       39805.6934    39804.0572        1.6361   0.24E-02  (   3     7   0     0.5     0.5 )(   3     7   0     0.5     0.5 ) 
   77   77      5.5 +       41590.5046    41590.8071       -0.3025   0.37E-02  (   3     8   0     0.5     0.5 )(   3     8   0     0.5     0.5 ) 
   35   35      5.5 -       25856.6482    25856.8024       -0.1542   0.37E-02  (   3     0   0    -0.5    -0.5 )(   3     0   0     0.5     0.5 ) 
   42   42      5.5 -       27979.6291    27977.2743        2.3549   0.37E-02  (   3     1   0    -0.5    -0.5 )(   3     1   0     0.5     0.5 ) 
   46   46      5.5 -       30062.4240    30061.3143        1.1097   0.39E-02  (   3     2   0    -0.5    -0.5 )(   3     2   0     0.5     0.5 ) 
   52   52      5.5 -       32102.8145    32102.7451        0.0694   0.44E-02  (   3     3   0    -0.5    -0.5 )(   3     3   0     0.5     0.5 ) 
   56   56      5.5 -       34098.1193    34098.1832       -0.0639   0.42E-02  (   3     4   0    -0.5    -0.5 )(   3     4   0     0.5     0.5 ) 
   62   62      5.5 -       36045.5714    36044.8699        0.7016   0.22E-02  (   3     5   0    -0.5    -0.5 )(   3     5   0     0.5     0.5 ) 
   67   67      5.5 -       37942.0514    37940.3620        1.6894   0.45E-02  (   3     6   0    -0.5    -0.5 )(   3     6   0     0.5     0.5 ) 
   71   71      5.5 -       39784.2532    39782.5967        1.6565   0.52E-02  (   3     7   0    -0.5    -0.5 )(   3     7   0     0.5     0.5 ) 
   77   77      5.5 -       41569.5753    41569.6963       -0.1211   0.41E-02  (   3     8   0    -0.5    -0.5 )(   3     8   0     0.5     0.5 ) 
   35   35      6.5 +       25880.1431    25880.3021       -0.1590   0.15E-02  (   3     0   0     0.5     0.5 )(   3     0   0     0.5     0.5 ) 
   42   42      6.5 +       28002.8937    28000.5284        2.3653   0.40E-02  (   3     1   0     0.5     0.5 )(   3     1   0     0.5     0.5 ) 
   46   46      6.5 +       30085.4305    30084.3054        1.1251   0.39E-02  (   3     2   0     0.5     0.5 )(   3     2   0     0.5     0.5 ) 
   52   52      6.5 +       32125.5481    32125.4593        0.0888   0.45E-02  (   3     3   0     0.5     0.5 )(   3     3   0     0.5     0.5 ) 
   56   56      6.5 +       34120.5702    34120.6056       -0.0354   0.44E-02  (   3     4   0     0.5     0.5 )(   3     4   0     0.5     0.5 ) 
   62   62      6.5 +       36067.6810    36066.9861        0.6949   0.22E-02  (   3     5   0     0.5     0.5 )(   3     5   0     0.5     0.5 ) 
   67   67      6.5 +       37963.8855    37962.1576        1.7278   0.46E-02  (   3     6   0     0.5     0.5 )(   3     6   0     0.5     0.5 ) 
   71   71      6.5 +       39805.7361    39804.0572        1.6789   0.48E-02  (   3     7   0     0.5     0.5 )(   3     7   0     0.5     0.5 ) 
   77   77      6.5 +       41590.7318    41590.8071       -0.0753   0.37E-02  (   3     8   0     0.5     0.5 )(   3     8   0     0.5     0.5 ) 
   36   36      6.5 -       25907.4434    25907.7160       -0.2725   0.15E-02  (   3     0   0    -0.5    -0.5 )(   3     0   0     0.5     0.5 ) 
   42   42      6.5 -       28029.8972    28027.6557        2.2415   0.44E-02  (   3     1   0    -0.5    -0.5 )(   3     1   0     0.5     0.5 ) 
   46   46      6.5 -       30112.1299    30111.1260        1.0039   0.42E-02  (   3     2   0    -0.5    -0.5 )(   3     2   0     0.5     0.5 ) 
   52   52      6.5 -       32151.8890    32151.9567       -0.0677   0.38E-02  (   3     3   0    -0.5    -0.5 )(   3     3   0     0.5     0.5 ) 
   56   56      6.5 -       34146.6059    34146.7623       -0.1564   0.52E-02  (   3     4   0    -0.5    -0.5 )(   3     4   0     0.5     0.5 ) 
   62   62      6.5 -       36093.4359    36092.7856        0.6503   0.19E-02  (   3     5   0    -0.5    -0.5 )(   3     5   0     0.5     0.5 ) 
   67   67      6.5 -       37989.1739    37987.5831        1.5908   0.34E-02  (   3     6   0    -0.5    -0.5 )(   3     6   0     0.5     0.5 ) 
   71   71      6.5 -       39830.7427    39829.0916        1.6512   0.27E-02  (   3     7   0    -0.5    -0.5 )(   3     7   0     0.5     0.5 ) 
   77   77      6.5 -       41615.1420    41615.4334       -0.2914   0.33E-02  (   3     8   0    -0.5    -0.5 )(   3     8   0     0.5     0.5 ) 
   36   36      7.5 +       25938.7863    25939.0429       -0.2566   0.39E-02  (   3     0   0     0.5     0.5 )(   3     0   0     0.5     0.5 ) 
   42   42      7.5 +       28060.8819    28058.6553        2.2267   0.48E-02  (   3     1   0     0.5     0.5 )(   3     1   0     0.5     0.5 ) 
   46   46      7.5 +       30142.7735    30141.7747        0.9988   0.37E-02  (   3     2   0     0.5     0.5 )(   3     2   0     0.5     0.5 ) 
   52   52      7.5 +       32182.1739    32182.2361       -0.0621   0.43E-02  (   3     3   0     0.5     0.5 )(   3     3   0     0.5     0.5 ) 
   56   56      7.5 +       34176.5048    34176.6523       -0.1476   0.49E-02  (   3     4   0     0.5     0.5 )(   3     4   0     0.5     0.5 ) 
   63   63      7.5 +       36122.9593    36122.2673        0.6920   0.18E-02  (   3     5   0     0.5     0.5 )(   3     5   0     0.5     0.5 ) 
   67   67      7.5 +       38018.2526    38016.6371        1.6155   0.42E-02  (   3     6   0     0.5     0.5 )(   3     6   0     0.5     0.5 ) 
   71   71      7.5 +       39859.3758    39857.6984        1.6774   0.24E-02  (   3     7   0     0.5     0.5 )(   3     7   0     0.5     0.5 ) 
   77   77      7.5 +       41643.3075    41643.5738       -0.2663   0.43E-02  (   3     8   0     0.5     0.5 )(   3     8   0     0.5     0.5 ) 
   36   36      7.5 -       25907.4751    25907.7160       -0.2408   0.10E-02  (   3     0   0    -0.5    -0.5 )(   3     0   0     0.5     0.5 ) 
   42   42      7.5 -       28030.0279    28027.6557        2.3722   0.43E-02  (   3     1   0    -0.5    -0.5 )(   3     1   0     0.5     0.5 ) 
   46   46      7.5 -       30112.2626    30111.1260        1.1367   0.40E-02  (   3     2   0    -0.5    -0.5 )(   3     2   0     0.5     0.5 ) 
   52   52      7.5 -       32152.0732    32151.9567        0.1165   0.41E-02  (   3     3   0    -0.5    -0.5 )(   3     3   0     0.5     0.5 ) 
   56   56      7.5 -       34146.7576    34146.7623       -0.0048   0.40E-02  (   3     4   0    -0.5    -0.5 )(   3     4   0     0.5     0.5 ) 
   62   62      7.5 -       36093.4861    36092.7856        0.7005   0.19E-02  (   3     5   0    -0.5    -0.5 )(   3     5   0     0.5     0.5 ) 
   67   67      7.5 -       37989.3559    37987.5831        1.7727   0.39E-02  (   3     6   0    -0.5    -0.5 )(   3     6   0     0.5     0.5 ) 
   71   71      7.5 -       39830.7921    39829.0916        1.7005   0.52E-02  (   3     7   0    -0.5    -0.5 )(   3     7   0     0.5     0.5 ) 
   77   77      7.5 -       41615.4055    41615.4334       -0.0279   0.41E-02  (   3     8   0    -0.5    -0.5 )(   3     8   0     0.5     0.5 ) 
   36   36      8.5 +       25938.9450    25939.0429       -0.0979   0.14E-02  (   3     0   0     0.5     0.5 )(   3     0   0     0.5     0.5 ) 
   42   42      8.5 +       28061.0331    28058.6553        2.3778   0.40E-02  (   3     1   0     0.5     0.5 )(   3     1   0     0.5     0.5 ) 
   46   46      8.5 +       30142.9237    30141.7747        1.1489   0.37E-02  (   3     2   0     0.5     0.5 )(   3     2   0     0.5     0.5 ) 
   52   52      8.5 +       32182.3770    32182.2361        0.1409   0.41E-02  (   3     3   0     0.5     0.5 )(   3     3   0     0.5     0.5 ) 
   56   56      8.5 +       34176.6782    34176.6523        0.0258   0.40E-02  (   3     4   0     0.5     0.5 )(   3     4   0     0.5     0.5 ) 
   62   62      8.5 +       36122.9249    36122.2673        0.6576   0.23E-02  (   3     5   0     0.5     0.5 )(   3     5   0     0.5     0.5 ) 
   67   67      8.5 +       38018.4623    38016.6371        1.8252   0.41E-02  (   3     6   0     0.5     0.5 )(   3     6   0     0.5     0.5 ) 
   71   71      8.5 +       39859.4275    39857.6984        1.7291   0.44E-02  (   3     7   0     0.5     0.5 )(   3     7   0     0.5     0.5 ) 
   77   77      8.5 +       41643.5959    41643.5738        0.0221   0.28E-02  (   3     8   0     0.5     0.5 )(   3     8   0     0.5     0.5 ) 
   36   36      8.5 -       25974.0125    25974.2817       -0.2692   0.39E-02  (   3     0   0    -0.5    -0.5 )(   3     0   0     0.5     0.5 ) 
   42   42      8.5 -       28095.7355    28093.5256        2.2098   0.41E-02  (   3     1   0    -0.5    -0.5 )(   3     1   0     0.5     0.5 ) 
   46   46      8.5 -       30177.2392    30176.2504        0.9888   0.41E-02  (   3     2   0    -0.5    -0.5 )(   3     2   0     0.5     0.5 ) 
   52   52      8.5 -       32216.2363    32216.2961       -0.0598   0.32E-02  (   3     3   0    -0.5    -0.5 )(   3     3   0     0.5     0.5 ) 
   56   56      8.5 -       34210.1405    34210.2742       -0.1337   0.40E-02  (   3     4   0    -0.5    -0.5 )(   3     4   0     0.5     0.5 ) 
   63   63      8.5 -       36156.1715    36155.4296        0.7419   0.20E-02  (   3     5   0    -0.5    -0.5 )(   3     5   0     0.5     0.5 ) 
   67   67      8.5 -       38050.9679    38049.3182        1.6497   0.31E-02  (   3     6   0    -0.5    -0.5 )(   3     6   0     0.5     0.5 ) 
   71   71      8.5 -       39891.5685    39889.8763        1.6922   0.25E-02  (   3     7   0    -0.5    -0.5 )(   3     7   0     0.5     0.5 ) 
   77   77      8.5 -       41674.9901    41675.2266       -0.2365   0.37E-02  (   3     8   0    -0.5    -0.5 )(   3     8   0     0.5     0.5 ) 
   37   37      9.5 +       26013.1532    26013.4310       -0.2777   0.38E-02  (   3     0   0     0.5     0.5 )(   3     0   0     0.5     0.5 ) 
   42   42      9.5 +       28134.4658    28132.2654        2.2004   0.28E-02  (   3     1   0     0.5     0.5 )(   3     1   0     0.5     0.5 ) 
   46   46      9.5 +       30215.5279    30214.5515        0.9764   0.36E-02  (   3     2   0     0.5     0.5 )(   3     2   0     0.5     0.5 ) 
   52   52      9.5 +       32254.0808    32254.1352       -0.0544   0.25E-02  (   3     3   0     0.5     0.5 )(   3     3   0     0.5     0.5 ) 
   56   56      9.5 +       34247.5138    34247.6264       -0.1125   0.40E-02  (   3     4   0     0.5     0.5 )(   3     4   0     0.5     0.5 ) 
   63   63      9.5 +       36193.0498    36192.2710        0.7788   0.19E-02  (   3     5   0     0.5     0.5 )(   3     5   0     0.5     0.5 ) 
   67   67      9.5 +       38087.3081    38085.6247        1.6834   0.28E-02  (   3     6   0     0.5     0.5 )(   3     6   0     0.5     0.5 ) 
   71   71      9.5 +       39927.3429    39925.6234        1.7195   0.26E-02  (   3     7   0     0.5     0.5 )(   3     7   0     0.5     0.5 ) 
   77   77      9.5 +       41710.1780    41710.3902       -0.2122   0.28E-02  (   3     8   0     0.5     0.5 )(   3     8   0     0.5     0.5 ) 
   36   36      9.5 -       25974.1788    25974.2817       -0.1029   0.36E-02  (   3     0   0    -0.5    -0.5 )(   3     0   0     0.5     0.5 ) 
   42   42      9.5 -       28095.9078    28093.5256        2.3822   0.43E-02  (   3     1   0    -0.5    -0.5 )(   3     1   0     0.5     0.5 ) 
   46   46      9.5 -       30177.4054    30176.2504        1.1550   0.36E-02  (   3     2   0    -0.5    -0.5 )(   3     2   0     0.5     0.5 ) 
   52   52      9.5 -       32216.4565    32216.2961        0.1604   0.33E-02  (   3     3   0    -0.5    -0.5 )(   3     3   0     0.5     0.5 ) 
   56   56      9.5 -       34210.3371    34210.2742        0.0629   0.36E-02  (   3     4   0    -0.5    -0.5 )(   3     4   0     0.5     0.5 ) 
   62   62      9.5 -       36155.9956    36155.4296        0.5660   0.20E-02  (   3     5   0    -0.5    -0.5 )(   3     5   0     0.5     0.5 ) 
   67   67      9.5 -       38051.1976    38049.3182        1.8794   0.34E-02  (   3     6   0    -0.5    -0.5 )(   3     6   0     0.5     0.5 ) 
   71   71      9.5 -       39891.6327    39889.8763        1.7564   0.46E-02  (   3     7   0    -0.5    -0.5 )(   3     7   0     0.5     0.5 ) 
   77   77      9.5 -       41675.3005    41675.2266        0.0739   0.29E-02  (   3     8   0    -0.5    -0.5 )(   3     8   0     0.5     0.5 ) 
   36   36     10.5 +       26013.3346    26013.4310       -0.0963   0.36E-02  (   3     0   0     0.5     0.5 )(   3     0   0     0.5     0.5 ) 
   42   42     10.5 +       28134.6468    28132.2654        2.3813   0.35E-02  (   3     1   0     0.5     0.5 )(   3     1   0     0.5     0.5 ) 
   46   46     10.5 +       30215.7196    30214.5515        1.1681   0.28E-02  (   3     2   0     0.5     0.5 )(   3     2   0     0.5     0.5 ) 
   52   52     10.5 +       32254.3284    32254.1352        0.1932   0.28E-02  (   3     3   0     0.5     0.5 )(   3     3   0     0.5     0.5 ) 
   56   56     10.5 +       34247.7279    34247.6264        0.1015   0.39E-02  (   3     4   0     0.5     0.5 )(   3     4   0     0.5     0.5 ) 
   62   62     10.5 +       36192.6425    36192.2710        0.3715   0.17E-02  (   3     5   0     0.5     0.5 )(   3     5   0     0.5     0.5 ) 
   67   67     10.5 +       38087.5662    38085.6247        1.9415   0.31E-02  (   3     6   0     0.5     0.5 )(   3     6   0     0.5     0.5 ) 
   71   71     10.5 +       39927.4107    39925.6234        1.7872   0.44E-02  (   3     7   0     0.5     0.5 )(   3     7   0     0.5     0.5 ) 
   77   77     10.5 +       41710.5264    41710.3902        0.1362   0.22E-02  (   3     8   0     0.5     0.5 )(   3     8   0     0.5     0.5 ) 
   37   37     10.5 -       26056.1885    26056.4890       -0.3005   0.14E-02  (   3     0   0    -0.5    -0.5 )(   3     0   0     0.5     0.5 ) 
   42   42     10.5 -       28177.0555    28174.8730        2.1824   0.36E-02  (   3     1   0    -0.5    -0.5 )(   3     1   0     0.5     0.5 ) 
   46   46     10.5 -       30257.6427    30256.6765        0.9662   0.35E-02  (   3     2   0    -0.5    -0.5 )(   3     2   0     0.5     0.5 ) 
   52   52     10.5 -       32295.7072    32295.7518       -0.0447   0.18E-02  (   3     3   0    -0.5    -0.5 )(   3     3   0     0.5     0.5 ) 
   56   56     10.5 -       34288.6093    34288.7071       -0.0978   0.35E-02  (   3     4   0    -0.5    -0.5 )(   3     4   0     0.5     0.5 ) 
   63   63     10.5 -       36233.6053    36232.7897        0.8157   0.17E-02  (   3     5   0    -0.5    -0.5 )(   3     5   0     0.5     0.5 ) 
   67   67     10.5 -       38127.2900    38125.5547        1.7353   0.15E-02  (   3     6   0    -0.5    -0.5 )(   3     6   0     0.5     0.5 ) 
   71   71     10.5 -       39966.6730    39964.9380        1.7351   0.27E-02  (   3     7   0    -0.5    -0.5 )(   3     7   0     0.5     0.5 ) 
   77   77     10.5 -       41748.8795    41749.0625       -0.1831   0.18E-02  (   3     8   0    -0.5    -0.5 )(   3     8   0     0.5     0.5 ) 
   37   37     11.5 +       26103.1593    26103.4541       -0.2948   0.39E-02  (   3     0   0     0.5     0.5 )(   3     0   0     0.5     0.5 ) 
   42   42     11.5 +       28223.5035    28221.3467        2.1568   0.22E-02  (   3     1   0     0.5     0.5 )(   3     1   0     0.5     0.5 ) 
   46   46     11.5 +       30303.5820    30302.6235        0.9585   0.34E-02  (   3     2   0     0.5     0.5 )(   3     2   0     0.5     0.5 ) 
   52   52     11.5 +       32341.0975    32341.1441       -0.0466   0.22E-02  (   3     3   0     0.5     0.5 )(   3     3   0     0.5     0.5 ) 
   56   56     11.5 +       34333.4439    34333.5145       -0.0706   0.24E-02  (   3     4   0     0.5     0.5 )(   3     4   0     0.5     0.5 ) 
   63   63     11.5 +       36277.8464    36276.9837        0.8627   0.14E-02  (   3     5   0     0.5     0.5 )(   3     5   0     0.5     0.5 ) 
   67   67     11.5 +       38170.8840    38169.1063        1.7777   0.20E-02  (   3     6   0     0.5     0.5 )(   3     6   0     0.5     0.5 ) 
   71   71     11.5 +       40009.5736    40007.8178        1.7558   0.32E-02  (   3     7   0     0.5     0.5 )(   3     7   0     0.5     0.5 ) 
   77   77     11.5 +       41791.0983    41791.2414       -0.1432   0.19E-02  (   3     8   0     0.5     0.5 )(   3     8   0     0.5     0.5 ) 
   36   36     11.5 -       26056.3926    26056.4890       -0.0964   0.36E-02  (   3     0   0    -0.5    -0.5 )(   3     0   0     0.5     0.5 ) 
   42   42     11.5 -       28177.2552    28174.8730        2.3822   0.37E-02  (   3     1   0    -0.5    -0.5 )(   3     1   0     0.5     0.5 ) 
   46   46     11.5 -       30257.8523    30256.6765        1.1758   0.31E-02  (   3     2   0    -0.5    -0.5 )(   3     2   0     0.5     0.5 ) 
   52   52     11.5 -       32295.9691    32295.7518        0.2173   0.26E-02  (   3     3   0    -0.5    -0.5 )(   3     3   0     0.5     0.5 ) 
   56   56     11.5 -       34288.8473    34288.7071        0.1402   0.29E-02  (   3     4   0    -0.5    -0.5 )(   3     4   0     0.5     0.5 ) 
   63   63     11.5 -       36232.6073    36232.7897       -0.1824   0.18E-02  (   3     5   0    -0.5    -0.5 )(   3     5   0     0.5     0.5 ) 
   67   67     11.5 -       38127.5659    38125.5547        2.0111   0.22E-02  (   3     6   0    -0.5    -0.5 )(   3     6   0     0.5     0.5 ) 
   71   71     11.5 -       39966.7521    39964.9380        1.8141   0.40E-02  (   3     7   0    -0.5    -0.5 )(   3     7   0     0.5     0.5 ) 
   77   77     11.5 -       41749.2627    41749.0625        0.2001   0.18E-02  (   3     8   0    -0.5    -0.5 )(   3     8   0     0.5     0.5 ) 
   37   37     12.5 +       26103.3614    26103.4541       -0.0928   0.36E-02  (   3     0   0     0.5     0.5 )(   3     0   0     0.5     0.5 ) 
   42   42     12.5 +       28223.7323    28221.3467        2.3856   0.20E-02  (   3     1   0     0.5     0.5 )(   3     1   0     0.5     0.5 ) 
   46   46     12.5 +       30303.8069    30302.6235        1.1834   0.30E-02  (   3     2   0     0.5     0.5 )(   3     2   0     0.5     0.5 ) 
   52   52     12.5 +       32341.3925    32341.1441        0.2485   0.21E-02  (   3     3   0     0.5     0.5 )(   3     3   0     0.5     0.5 ) 
   56   56     12.5 +       34333.6913    34333.5145        0.1768   0.19E-02  (   3     4   0     0.5     0.5 )(   3     4   0     0.5     0.5 ) 
   67   67     12.5 +       38171.1815    38169.1063        2.0752   0.19E-02  (   3     6   0     0.5     0.5 )(   3     6   0     0.5     0.5 ) 
   71   71     12.5 +       40009.6569    40007.8178        1.8391   0.39E-02  (   3     7   0     0.5     0.5 )(   3     7   0     0.5     0.5 ) 
   77   77     12.5 +       41791.4998    41791.2414        0.2584   0.21E-02  (   3     8   0     0.5     0.5 )(   3     8   0     0.5     0.5 ) 
   37   37     12.5 -       26154.0182    26154.3245       -0.3062   0.33E-02  (   3     0   0    -0.5    -0.5 )(   3     0   0     0.5     0.5 ) 
   42   42     12.5 -       28273.8144    28271.6846        2.1298   0.17E-02  (   3     1   0    -0.5    -0.5 )(   3     1   0     0.5     0.5 ) 
   46   46     12.5 -       30353.3405    30352.3905        0.9499   0.93E-03  (   3     2   0    -0.5    -0.5 )(   3     2   0     0.5     0.5 ) 
   52   52     12.5 -       32390.2701    32390.3099       -0.0398   0.89E-03  (   3     3   0    -0.5    -0.5 )(   3     3   0     0.5     0.5 ) 
   56   56     12.5 -       34381.9955    34382.0466       -0.0511   0.28E-02  (   3     4   0    -0.5    -0.5 )(   3     4   0     0.5     0.5 ) 
   63   63     12.5 -       36325.7547    36324.8509        0.9038   0.18E-02  (   3     5   0    -0.5    -0.5 )(   3     5   0     0.5     0.5 ) 
   67   67     12.5 -       38218.1015    38216.2772        1.8243   0.89E-03  (   3     6   0    -0.5    -0.5 )(   3     6   0     0.5     0.5 ) 
   71   71     12.5 -       40056.0328    40054.2606        1.7722   0.26E-02  (   3     7   0    -0.5    -0.5 )(   3     7   0     0.5     0.5 ) 
   77   77     12.5 -       41836.8240    41836.9245       -0.1005   0.19E-02  (   3     8   0    -0.5    -0.5 )(   3     8   0     0.5     0.5 ) 
   37   37     13.5 +       26208.7728    26209.0979       -0.3251   0.23E-02  (   3     0   0     0.5     0.5 )(   3     0   0     0.5     0.5 ) 
   42   42     13.5 +       28327.9974    28325.8845        2.1130   0.14E-02  (   3     1   0     0.5     0.5 )(   3     1   0     0.5     0.5 ) 
   46   46     13.5 +       30406.9112    30405.9755        0.9356   0.14E-02  (   3     2   0     0.5     0.5 )(   3     2   0     0.5     0.5 ) 
   52   52     13.5 +       32443.2311    32443.2472       -0.0161   0.12E-02  (   3     3   0     0.5     0.5 )(   3     3   0     0.5     0.5 ) 
   56   56     13.5 +       34434.2817    34434.3010       -0.0193   0.22E-02  (   3     4   0     0.5     0.5 )(   3     4   0     0.5     0.5 ) 
   63   63     13.5 +       36377.3426    36376.3889        0.9536   0.18E-02  (   3     5   0     0.5     0.5 )(   3     5   0     0.5     0.5 ) 
   67   67     13.5 +       38268.9473    38267.0651        1.8822   0.12E-02  (   3     6   0     0.5     0.5 )(   3     6   0     0.5     0.5 ) 
   71   71     13.5 +       40106.0469    40104.2639        1.7830   0.22E-02  (   3     7   0     0.5     0.5 )(   3     7   0     0.5     0.5 ) 
   77   77     13.5 +       41886.0550    41886.1093       -0.0543   0.17E-02  (   3     8   0     0.5     0.5 )(   3     8   0     0.5     0.5 ) 
   37   37     13.5 -       26154.2325    26154.3245       -0.0920   0.29E-02  (   3     0   0    -0.5    -0.5 )(   3     0   0     0.5     0.5 ) 
   42   42     13.5 -       28274.0669    28271.6846        2.3823   0.19E-02  (   3     1   0    -0.5    -0.5 )(   3     1   0     0.5     0.5 ) 
   46   46     13.5 -       30353.5686    30352.3905        1.1780   0.17E-02  (   3     2   0    -0.5    -0.5 )(   3     2   0     0.5     0.5 ) 
   52   52     13.5 -       32390.5777    32390.3099        0.2678   0.14E-02  (   3     3   0    -0.5    -0.5 )(   3     3   0     0.5     0.5 ) 
   56   56     13.5 -       34382.2704    34382.0466        0.2239   0.23E-02  (   3     4   0    -0.5    -0.5 )(   3     4   0     0.5     0.5 ) 
   63   63     13.5 -       36327.8602    36324.8509        3.0093   0.17E-02  (   3     5   0    -0.5    -0.5 )(   3     5   0     0.5     0.5 ) 
   67   67     13.5 -       38218.4212    38216.2772        2.1439   0.11E-02  (   3     6   0    -0.5    -0.5 )(   3     6   0     0.5     0.5 ) 
   71   71     13.5 -       40056.1234    40054.2606        1.8628   0.22E-02  (   3     7   0    -0.5    -0.5 )(   3     7   0     0.5     0.5 ) 
   77   77     13.5 -       41837.2443    41836.9245        0.3198   0.18E-02  (   3     8   0    -0.5    -0.5 )(   3     8   0     0.5     0.5 ) 
   37   37     14.5 +       26208.9981    26209.0979       -0.0998   0.16E-02  (   3     0   0     0.5     0.5 )(   3     0   0     0.5     0.5 ) 
   42   42     14.5 +       28328.2624    28325.8845        2.3779   0.18E-02  (   3     1   0     0.5     0.5 )(   3     1   0     0.5     0.5 ) 
   46   46     14.5 +       30407.1609    30405.9755        1.1854   0.16E-02  (   3     2   0     0.5     0.5 )(   3     2   0     0.5     0.5 ) 
   52   52     14.5 +       32443.5395    32443.2472        0.2923   0.89E-03  (   3     3   0     0.5     0.5 )(   3     3   0     0.5     0.5 ) 
   56   56     14.5 +       34434.5735    34434.3010        0.2725   0.21E-02  (   3     4   0     0.5     0.5 )(   3     4   0     0.5     0.5 ) 
   63   63     14.5 +       36378.6900    36376.3889        2.3011   0.18E-02  (   3     5   0     0.5     0.5 )(   3     5   0     0.5     0.5 ) 
   67   67     14.5 +       38269.2860    38267.0651        2.2209   0.12E-02  (   3     6   0     0.5     0.5 )(   3     6   0     0.5     0.5 ) 
   71   71     14.5 +       40106.1501    40104.2639        1.8862   0.46E-03  (   3     7   0     0.5     0.5 )(   3     7   0     0.5     0.5 ) 
   77   77     14.5 +       41886.4954    41886.1093        0.3861   0.18E-02  (   3     8   0     0.5     0.5 )(   3     8   0     0.5     0.5 ) 
   37   37     14.5 -       26267.3170    26267.7723       -0.4553   0.98E-03  (   3     0   0    -0.5    -0.5 )(   3     0   0     0.5     0.5 ) 
   42   42     14.5 -       28386.0347    28383.9442        2.0905   0.18E-02  (   3     1   0    -0.5    -0.5 )(   3     1   0     0.5     0.5 ) 
   46   46     14.5 -       30464.2993    30463.3762        0.9231   0.13E-02  (   3     2   0    -0.5    -0.5 )(   3     2   0     0.5     0.5 ) 
   52   52     14.5 -       32499.9318    32499.9535       -0.0217   0.88E-03  (   3     3   0    -0.5    -0.5 )(   3     3   0     0.5     0.5 ) 
   56   56     14.5 -       34490.2811    34490.2753        0.0058   0.14E-02  (   3     4   0    -0.5    -0.5 )(   3     4   0     0.5     0.5 ) 
   63   63     14.5 -       36432.6099    36431.5954        1.0145   0.17E-02  (   3     5   0    -0.5    -0.5 )(   3     5   0     0.5     0.5 ) 
   67   67     14.5 -       38323.4031    38321.4673        1.9358   0.14E-02  (   3     6   0    -0.5    -0.5 )(   3     6   0     0.5     0.5 ) 
   71   71     14.5 -       40159.6052    40157.8251        1.7801   0.19E-02  (   3     7   0    -0.5    -0.5 )(   3     7   0     0.5     0.5 ) 
   77   77     14.5 -       41938.7873    41938.7928       -0.0055   0.14E-02  (   3     8   0    -0.5    -0.5 )(   3     8   0     0.5     0.5 ) 
   37   37     15.5 +       26329.9993    26330.3452       -0.3459   0.24E-02  (   3     0   0     0.5     0.5 )(   3     0   0     0.5     0.5 ) 
   42   42     15.5 +       28447.9434    28445.8614        2.0820   0.10E-02  (   3     1   0     0.5     0.5 )(   3     1   0     0.5     0.5 ) 
   46   46     15.5 +       30525.4959    30524.5901        0.9058   0.39E-03  (   3     2   0     0.5     0.5 )(   3     2   0     0.5     0.5 ) 
   52   52     15.5 +       32560.4200    32560.4264       -0.0064   0.12E-02  (   3     3   0     0.5     0.5 )(   3     3   0     0.5     0.5 ) 
   56   56     15.5 +       34549.9993    34549.9671        0.0323   0.11E-02  (   3     4   0     0.5     0.5 )(   3     4   0     0.5     0.5 ) 
   63   63     15.5 +       36491.5371    36490.4676        1.0696   0.17E-02  (   3     5   0     0.5     0.5 )(   3     5   0     0.5     0.5 ) 
   67   67     15.5 +       38381.4841    38379.4812        2.0029   0.11E-02  (   3     6   0     0.5     0.5 )(   3     6   0     0.5     0.5 ) 
   71   71     15.5 +       40216.6922    40214.9412        1.7510   0.11E-02  (   3     7   0     0.5     0.5 )(   3     7   0     0.5     0.5 ) 
   77   77     15.5 +       41995.0176    41994.9723        0.0453   0.14E-02  (   3     8   0     0.5     0.5 )(   3     8   0     0.5     0.5 ) 
   37   37     15.5 -       26267.5556    26267.7723       -0.2166   0.12E-02  (   3     0   0    -0.5    -0.5 )(   3     0   0     0.5     0.5 ) 
   42   42     15.5 -       28386.3195    28383.9442        2.3752   0.18E-02  (   3     1   0    -0.5    -0.5 )(   3     1   0     0.5     0.5 ) 
   46   46     15.5 -       30464.5660    30463.3762        1.1898   0.11E-02  (   3     2   0    -0.5    -0.5 )(   3     2   0     0.5     0.5 ) 
   52   52     15.5 -       32500.2669    32499.9535        0.3134   0.80E-03  (   3     3   0    -0.5    -0.5 )(   3     3   0     0.5     0.5 ) 
   56   56     15.5 -       34490.5986    34490.2753        0.3233   0.13E-02  (   3     4   0    -0.5    -0.5 )(   3     4   0     0.5     0.5 ) 
   63   63     15.5 -       36433.6753    36431.5954        2.0799   0.17E-02  (   3     5   0    -0.5    -0.5 )(   3     5   0     0.5     0.5 ) 
   67   67     15.5 -       38323.7658    38321.4673        2.2984   0.12E-02  (   3     6   0    -0.5    -0.5 )(   3     6   0     0.5     0.5 ) 
   71   71     15.5 -       40159.6981    40157.8251        1.8730   0.22E-02  (   3     7   0    -0.5    -0.5 )(   3     7   0     0.5     0.5 ) 
   77   77     15.5 -       41939.2430    41938.7928        0.4502   0.16E-02  (   3     8   0    -0.5    -0.5 )(   3     8   0     0.5     0.5 ) 
   37   37     16.5 +       26330.3072    26330.3452       -0.0380   0.13E-02  (   3     0   0     0.5     0.5 )(   3     0   0     0.5     0.5 ) 
   42   42     16.5 +       28448.2241    28445.8614        2.3626   0.12E-02  (   3     1   0     0.5     0.5 )(   3     1   0     0.5     0.5 ) 
   46   46     16.5 +       30525.7540    30524.5901        1.1639   0.42E-03  (   3     2   0     0.5     0.5 )(   3     2   0     0.5     0.5 ) 
   52   52     16.5 +       32560.7957    32560.4264        0.3693   0.67E-03  (   3     3   0     0.5     0.5 )(   3     3   0     0.5     0.5 ) 
   56   56     16.5 +       34550.3255    34549.9671        0.3584   0.80E-03  (   3     4   0     0.5     0.5 )(   3     4   0     0.5     0.5 ) 
   63   63     16.5 +       36492.4688    36490.4676        2.0012   0.15E-02  (   3     5   0     0.5     0.5 )(   3     5   0     0.5     0.5 ) 
   67   67     16.5 +       38381.8596    38379.4812        2.3785   0.93E-03  (   3     6   0     0.5     0.5 )(   3     6   0     0.5     0.5 ) 
   71   71     16.5 +       40216.8344    40214.9412        1.8932   0.15E-02  (   3     7   0     0.5     0.5 )(   3     7   0     0.5     0.5 ) 
   77   77     16.5 +       41995.4965    41994.9723        0.5243   0.15E-02  (   3     8   0     0.5     0.5 )(   3     8   0     0.5     0.5 ) 
   37   37     16.5 -       26396.4524    26396.8141       -0.3617   0.19E-02  (   3     0   0    -0.5    -0.5 )(   3     0   0     0.5     0.5 ) 
   42   42     16.5 -       28513.6786    28511.6335        2.0451   0.12E-02  (   3     1   0    -0.5    -0.5 )(   3     1   0     0.5     0.5 ) 
   46   46     16.5 -       30590.5178    30589.6145        0.9033   0.85E-03  (   3     2   0    -0.5    -0.5 )(   3     2   0     0.5     0.5 ) 
   52   52     16.5 -       32624.6680    32624.6632        0.0048   0.58E-03  (   3     3   0    -0.5    -0.5 )(   3     3   0     0.5     0.5 ) 
   56   56     16.5 -       34613.4484    34613.3734        0.0750   0.14E-02  (   3     4   0    -0.5    -0.5 )(   3     4   0     0.5     0.5 ) 
   63   63     16.5 -       36554.1332    36553.0026        1.1306   0.17E-02  (   3     5   0    -0.5    -0.5 )(   3     5   0     0.5     0.5 ) 
   67   67     16.5 -       38443.1596    38441.1036        2.0560   0.34E-03  (   3     6   0    -0.5    -0.5 )(   3     6   0     0.5     0.5 ) 
   71   71     16.5 -       40277.2659    40275.6093        1.6567   0.10E-02  (   3     7   0    -0.5    -0.5 )(   3     7   0     0.5     0.5 ) 
   77   77     16.5 -       42054.7362    42054.6444        0.0918   0.13E-02  (   3     8   0    -0.5    -0.5 )(   3     8   0     0.5     0.5 ) 
   37   37     17.5 +       26466.8045    26467.1763       -0.3718   0.19E-02  (   3     0   0     0.5     0.5 )(   3     0   0     0.5     0.5 ) 
   42   42     17.5 +       28583.2752    28581.2577        2.0175   0.87E-03  (   3     1   0     0.5     0.5 )(   3     1   0     0.5     0.5 ) 
   46   46     17.5 +       30659.3410    30658.4467        0.8943   0.95E-03  (   3     2   0     0.5     0.5 )(   3     2   0     0.5     0.5 ) 
   52   52     17.5 +       32692.6664    32692.6610        0.0054   0.54E-03  (   3     3   0     0.5     0.5 )(   3     3   0     0.5     0.5 ) 
   56   56     17.5 +       34680.5987    34680.4914        0.1074   0.99E-03  (   3     4   0     0.5     0.5 )(   3     4   0     0.5     0.5 ) 
   63   63     17.5 +       36620.3949    36619.1975        1.1974   0.13E-02  (   3     5   0     0.5     0.5 )(   3     5   0     0.5     0.5 ) 
   67   67     17.5 +       38508.4723    38506.3316        2.1407   0.73E-03  (   3     6   0     0.5     0.5 )(   3     6   0     0.5     0.5 ) 
   72   72     17.5 +       40341.5057    40339.8260        1.6797   0.34E-03  (   3     7   0     0.5     0.5 )(   3     7   0     0.5     0.5 ) 
   77   77     17.5 +       42117.9640    42117.8059        0.1581   0.89E-03  (   3     8   0     0.5     0.5 )(   3     8   0     0.5     0.5 ) 
   37   37     17.5 -       26396.7713    26396.8141       -0.0428   0.18E-02  (   3     0   0    -0.5    -0.5 )(   3     0   0     0.5     0.5 ) 
   42   42     17.5 -       28514.0001    28511.6335        2.3666   0.13E-02  (   3     1   0    -0.5    -0.5 )(   3     1   0     0.5     0.5 ) 
   46   46     17.5 -       30590.8145    30589.6145        1.2001   0.81E-03  (   3     2   0    -0.5    -0.5 )(   3     2   0     0.5     0.5 ) 
   52   52     17.5 -       32625.0453    32624.6632        0.3820   0.64E-03  (   3     3   0    -0.5    -0.5 )(   3     3   0     0.5     0.5 ) 
   56   56     17.5 -       34613.7905    34613.3734        0.4171   0.15E-02  (   3     4   0    -0.5    -0.5 )(   3     4   0     0.5     0.5 ) 
   63   63     17.5 -       36554.9831    36553.0026        1.9805   0.12E-02  (   3     5   0    -0.5    -0.5 )(   3     5   0     0.5     0.5 ) 
   67   67     17.5 -       38443.5716    38441.1036        2.4679   0.86E-03  (   3     6   0    -0.5    -0.5 )(   3     6   0     0.5     0.5 ) 
   71   71     17.5 -       40277.4412    40275.6093        1.8319   0.78E-03  (   3     7   0    -0.5    -0.5 )(   3     7   0     0.5     0.5 ) 
   77   77     17.5 -       42055.2395    42054.6444        0.5951   0.12E-02  (   3     8   0    -0.5    -0.5 )(   3     8   0     0.5     0.5 ) 
   37   37     18.5 +       26467.1323    26467.1763       -0.0440   0.23E-02  (   3     0   0     0.5     0.5 )(   3     0   0     0.5     0.5 ) 
   42   42     18.5 +       28583.6129    28581.2577        2.3552   0.11E-02  (   3     1   0     0.5     0.5 )(   3     1   0     0.5     0.5 ) 
   46   46     18.5 +       30659.6362    30658.4467        1.1895   0.75E-03  (   3     2   0     0.5     0.5 )(   3     2   0     0.5     0.5 ) 
   52   52     18.5 +       32693.0578    32692.6610        0.3967   0.41E-03  (   3     3   0     0.5     0.5 )(   3     3   0     0.5     0.5 ) 
   56   56     18.5 +       34680.9649    34680.4914        0.4735   0.13E-02  (   3     4   0     0.5     0.5 )(   3     4   0     0.5     0.5 ) 
   63   63     18.5 +       36621.2037    36619.1975        2.0062   0.15E-02  (   3     5   0     0.5     0.5 )(   3     5   0     0.5     0.5 ) 
   67   67     18.5 +       38508.8835    38506.3316        2.5519   0.69E-03  (   3     6   0     0.5     0.5 )(   3     6   0     0.5     0.5 ) 
   71   71     18.5 +       40341.6199    40339.8260        1.7939   0.93E-04  (   3     7   0     0.5     0.5 )(   3     7   0     0.5     0.5 ) 
   77   77     18.5 +       42118.4763    42117.8059        0.6705   0.93E-03  (   3     8   0     0.5     0.5 )(   3     8   0     0.5     0.5 ) 
   37   37     18.5 -       26541.0460    26541.4290       -0.3831   0.99E-03  (   3     0   0    -0.5    -0.5 )(   3     0   0     0.5     0.5 ) 
   42   42     18.5 -       28656.7308    28654.7312        1.9996   0.67E-03  (   3     1   0    -0.5    -0.5 )(   3     1   0     0.5     0.5 ) 
   46   46     18.5 -       30731.9676    30731.0838        0.8838   0.40E-03  (   3     2   0    -0.5    -0.5 )(   3     2   0     0.5     0.5 ) 
   52   52     18.5 -       32764.4283    32764.4169        0.0114   0.32E-03  (   3     3   0    -0.5    -0.5 )(   3     3   0     0.5     0.5 ) 
   56   56     18.5 -       34751.4554    34751.3179        0.1375   0.71E-03  (   3     4   0    -0.5    -0.5 )(   3     4   0     0.5     0.5 ) 
   63   63     18.5 -       36690.3059    36689.0490        1.2569   0.12E-02  (   3     5   0    -0.5    -0.5 )(   3     5   0     0.5     0.5 ) 
   67   67     18.5 -       38577.3801    38575.1618        2.2183   0.69E-03  (   3     6   0    -0.5    -0.5 )(   3     6   0     0.5     0.5 ) 
   72   72     18.5 -       40408.8477    40407.5879        1.2598   0.17E-03  (   3     7   0    -0.5    -0.5 )(   3     7   0     0.5     0.5 ) 
   77   77     18.5 -       42184.6631    42184.4530        0.2101   0.37E-03  (   3     8   0    -0.5    -0.5 )(   3     8   0     0.5     0.5 ) 
   37   37     19.5 +       26619.1778    26619.5692       -0.3914   0.12E-02  (   3     0   0     0.5     0.5 )(   3     0   0     0.5     0.5 ) 
   42   42     19.5 +       28734.0225    28732.0510        1.9715   0.64E-03  (   3     1   0     0.5     0.5 )(   3     1   0     0.5     0.5 ) 
   46   46     19.5 +       30808.3738    30807.5227        0.8511   0.34E-03  (   3     2   0     0.5     0.5 )(   3     2   0     0.5     0.5 ) 
   52   52     19.5 +       32839.9633    32839.9275        0.0358   0.53E-03  (   3     3   0     0.5     0.5 )(   3     3   0     0.5     0.5 ) 
   56   56     19.5 +       34826.0450    34825.8497        0.1953   0.49E-03  (   3     4   0     0.5     0.5 )(   3     4   0     0.5     0.5 ) 
   63   63     19.5 +       36763.8731    36762.5537        1.3194   0.12E-03  (   3     5   0     0.5     0.5 )(   3     5   0     0.5     0.5 ) 
   67   67     19.5 +       38649.8857    38647.5906        2.2951   0.52E-03  (   3     6   0     0.5     0.5 )(   3     6   0     0.5     0.5 ) 
   77   77     19.5 +       42254.8558    42254.5822        0.2736   0.53E-03  (   3     8   0     0.5     0.5 )(   3     8   0     0.5     0.5 ) 
   37   37     19.5 -       26541.3842    26541.4290       -0.0448   0.18E-02  (   3     0   0    -0.5    -0.5 )(   3     0   0     0.5     0.5 ) 
   42   42     19.5 -       28657.0793    28654.7312        2.3481   0.82E-03  (   3     1   0    -0.5    -0.5 )(   3     1   0     0.5     0.5 ) 
   46   46     19.5 -       30732.2708    30731.0838        1.1870   0.30E-03  (   3     2   0    -0.5    -0.5 )(   3     2   0     0.5     0.5 ) 
   52   52     19.5 -       32764.8645    32764.4169        0.4477   0.52E-03  (   3     3   0    -0.5    -0.5 )(   3     3   0     0.5     0.5 ) 
   56   56     19.5 -       34751.8147    34751.3179        0.4968   0.58E-03  (   3     4   0    -0.5    -0.5 )(   3     4   0     0.5     0.5 ) 
   63   63     19.5 -       36691.0860    36689.0490        2.0370   0.12E-02  (   3     5   0    -0.5    -0.5 )(   3     5   0     0.5     0.5 ) 
   67   67     19.5 -       38577.8112    38575.1618        2.6494   0.52E-03  (   3     6   0    -0.5    -0.5 )(   3     6   0     0.5     0.5 ) 
   71   71     19.5 -       40409.0252    40407.5879        1.4372   0.17E-03  (   3     7   0    -0.5    -0.5 )(   3     7   0     0.5     0.5 ) 
   77   77     19.5 -       42185.1955    42184.4530        0.7425   0.53E-03  (   3     8   0    -0.5    -0.5 )(   3     8   0     0.5     0.5 ) 
   37   37     20.5 +       26619.5323    26619.5692       -0.0369   0.16E-02  (   3     0   0     0.5     0.5 )(   3     0   0     0.5     0.5 ) 
   42   42     20.5 +       28734.3926    28732.0510        2.3416   0.99E-03  (   3     1   0     0.5     0.5 )(   3     1   0     0.5     0.5 ) 
   46   46     20.5 +       30808.7461    30807.5227        1.2234   0.69E-03  (   3     2   0     0.5     0.5 )(   3     2   0     0.5     0.5 ) 
   52   52     20.5 +       32840.4172    32839.9275        0.4897   0.36E-03  (   3     3   0     0.5     0.5 )(   3     3   0     0.5     0.5 ) 
   56   56     20.5 +       34826.4170    34825.8497        0.5673   0.51E-03  (   3     4   0     0.5     0.5 )(   3     4   0     0.5     0.5 ) 
   63   63     20.5 +       36764.6394    36762.5537        2.0857   0.86E-03  (   3     5   0     0.5     0.5 )(   3     5   0     0.5     0.5 ) 
   67   67     20.5 +       38650.3321    38647.5906        2.7415   0.52E-03  (   3     6   0     0.5     0.5 )(   3     6   0     0.5     0.5 ) 
   77   77     20.5 +       42255.3957    42254.5822        0.8135   0.35E-03  (   3     8   0     0.5     0.5 )(   3     8   0     0.5     0.5 ) 
   37   37     20.5 -       26701.1927    26701.5937       -0.4009   0.15E-02  (   3     0   0    -0.5    -0.5 )(   3     0   0     0.5     0.5 ) 
   42   42     20.5 -       28815.1698    28813.2138        1.9561   0.65E-03  (   3     1   0    -0.5    -0.5 )(   3     1   0     0.5     0.5 ) 
   46   46     20.5 -       30888.6171    30887.7600        0.8570   0.52E-03  (   3     2   0    -0.5    -0.5 )(   3     2   0     0.5     0.5 ) 
   52   52     20.5 -       32919.2725    32919.1896        0.0829   0.34E-03  (   3     3   0    -0.5    -0.5 )(   3     3   0     0.5     0.5 ) 
   56   56     20.5 -       34904.3321    34904.0833        0.2487   0.36E-03  (   3     4   0    -0.5    -0.5 )(   3     4   0     0.5     0.5 ) 
   63   63     20.5 -       36841.1071    36839.7080        1.3991   0.34E-03  (   3     5   0    -0.5    -0.5 )(   3     5   0     0.5     0.5 ) 
   67   67     20.5 -       38725.9915    38723.6144        2.3771   0.34E-03  (   3     6   0    -0.5    -0.5 )(   3     6   0     0.5     0.5 ) 
   77   77     20.5 -       42328.5307    42328.1893        0.3413   0.35E-03  (   3     8   0    -0.5    -0.5 )(   3     8   0     0.5     0.5 ) 
   37   37     21.5 +       26787.0795    26787.4991       -0.4196   0.88E-03  (   3     0   0     0.5     0.5 )(   3     0   0     0.5     0.5 ) 
   42   42     21.5 +       28900.1326    28898.2163        1.9164   0.35E-03  (   3     1   0     0.5     0.5 )(   3     1   0     0.5     0.5 ) 
   52   52     21.5 +       33002.2918    33002.1996        0.0922   0.34E-03  (   3     3   0     0.5     0.5 )(   3     3   0     0.5     0.5 ) 
   56   56     21.5 +       34986.2695    34986.0151        0.2544   0.33E-03  (   3     4   0     0.5     0.5 )(   3     4   0     0.5     0.5 ) 
   63   63     21.5 +       36921.9528    36920.5082        1.4446   0.95E-04  (   3     5   0     0.5     0.5 )(   3     5   0     0.5     0.5 ) 
   67   67     21.5 +       38805.6970    38803.2293        2.4677   0.17E-03  (   3     6   0     0.5     0.5 )(   3     6   0     0.5     0.5 ) 
   78   78     21.5 +       42405.6737    42405.2703        0.4034   0.52E-03  (   3     8   0     0.5     0.5 )(   3     8   0     0.5     0.5 ) 
   37   37     21.5 -       26701.5586    26701.5937       -0.0350   0.21E-02  (   3     0   0    -0.5    -0.5 )(   3     0   0     0.5     0.5 ) 
   42   42     21.5 -       28815.5525    28813.2138        2.3387   0.78E-03  (   3     1   0    -0.5    -0.5 )(   3     1   0     0.5     0.5 ) 
   46   46     21.5 -       30888.9701    30887.7600        1.2101   0.41E-03  (   3     2   0    -0.5    -0.5 )(   3     2   0     0.5     0.5 ) 
   52   52     21.5 -       32919.7282    32919.1896        0.5386   0.34E-03  (   3     3   0    -0.5    -0.5 )(   3     3   0     0.5     0.5 ) 
   56   56     21.5 -       34904.7252    34904.0833        0.6418   0.39E-03  (   3     4   0    -0.5    -0.5 )(   3     4   0     0.5     0.5 ) 
   63   63     21.5 -       36841.8527    36839.7080        2.1447   0.34E-04  (   3     5   0    -0.5    -0.5 )(   3     5   0     0.5     0.5 ) 
   67   67     21.5 -       38726.4493    38723.6144        2.8349   0.34E-03  (   3     6   0    -0.5    -0.5 )(   3     6   0     0.5     0.5 ) 
   77   77     21.5 -       42329.0842    42328.1893        0.8948   0.53E-03  (   3     8   0    -0.5    -0.5 )(   3     8   0     0.5     0.5 ) 
   37   37     22.5 +       26787.4625    26787.4991       -0.0367   0.16E-02  (   3     0   0     0.5     0.5 )(   3     0   0     0.5     0.5 ) 
   42   42     22.5 +       28900.5446    28898.2163        2.3284   0.95E-04  (   3     1   0     0.5     0.5 )(   3     1   0     0.5     0.5 ) 
   46   46     22.5 +       30972.9962    30971.7924        1.2038   0.34E-03  (   3     2   0     0.5     0.5 )(   3     2   0     0.5     0.5 ) 
   52   52     22.5 +       33002.8346    33002.1996        0.6350   0.17E-03  (   3     3   0     0.5     0.5 )(   3     3   0     0.5     0.5 ) 
   56   56     22.5 +       34986.6905    34986.0151        0.6754   0.26E-03  (   3     4   0     0.5     0.5 )(   3     4   0     0.5     0.5 ) 
   63   63     22.5 +       36922.7089    36920.5082        2.2007   0.34E-03  (   3     5   0     0.5     0.5 )(   3     5   0     0.5     0.5 ) 
   67   67     22.5 +       38806.1673    38803.2293        2.9380   0.17E-03  (   3     6   0     0.5     0.5 )(   3     6   0     0.5     0.5 ) 
   78   78     22.5 +       42406.2385    42405.2703        0.9682   0.52E-03  (   3     8   0     0.5     0.5 )(   3     8   0     0.5     0.5 ) 
   37   37     22.5 -       26876.8592    26877.2821       -0.4229   0.13E-02  (   3     0   0    -0.5    -0.5 )(   3     0   0     0.5     0.5 ) 
   42   42     22.5 -       28988.9357    28987.0549        1.8808   0.34E-03  (   3     1   0    -0.5    -0.5 )(   3     1   0     0.5     0.5 ) 
   47   47     22.5 -       31060.4186    31059.6163        0.8024   0.17E-03  (   3     2   0    -0.5    -0.5 )(   3     2   0     0.5     0.5 ) 
   52   52     22.5 -       33089.0933    33088.9538        0.1394   0.17E-03  (   3     3   0    -0.5    -0.5 )(   3     3   0     0.5     0.5 ) 
   56   56     22.5 -       35071.9689    35071.6413        0.3276   0.19E-03  (   3     4   0    -0.5    -0.5 )(   3     4   0     0.5     0.5 ) 
   63   63     22.5 -       37006.4694    37004.9504        1.5190   0.12E-03  (   3     5   0    -0.5    -0.5 )(   3     5   0     0.5     0.5 ) 
   67   67     22.5 -       38888.9849    38886.4313        2.5536   0.17E-03  (   3     6   0    -0.5    -0.5 )(   3     6   0     0.5     0.5 ) 
   78   78     22.5 -       42486.2762    42485.8206        0.4555   0.17E-03  (   3     8   0    -0.5    -0.5 )(   3     8   0     0.5     0.5 ) 
   37   37     23.5 +       26970.4363    26970.9389       -0.5026   0.24E-03  (   3     0   0     0.5     0.5 )(   3     0   0     0.5     0.5 ) 
   42   42     23.5 +       29081.6209    29079.7260        1.8948   0.34E-03  (   3     1   0     0.5     0.5 )(   3     1   0     0.5     0.5 ) 
   63   63     23.5 +       37094.6363    37093.0305        1.6058   0.17E-03  (   3     5   0     0.5     0.5 )(   3     5   0     0.5     0.5 ) 
   67   67     23.5 +       38975.8619    38973.2159        2.6459   0.34E-03  (   3     6   0     0.5     0.5 )(   3     6   0     0.5     0.5 ) 
   37   37     23.5 -       26877.2491    26877.2821       -0.0330   0.14E-02  (   3     0   0    -0.5    -0.5 )(   3     0   0     0.5     0.5 ) 
   42   42     23.5 -       28989.3902    28987.0549        2.3353   0.17E-03  (   3     1   0    -0.5    -0.5 )(   3     1   0     0.5     0.5 ) 
   46   46     23.5 -       31060.8050    31059.6163        1.1888   0.12E-03  (   3     2   0    -0.5    -0.5 )(   3     2   0     0.5     0.5 ) 
   52   52     23.5 -       33095.6153    33088.9538        6.6614   0.17E-03  (   3     3   0    -0.5    -0.5 )(   3     3   0     0.5     0.5 ) 
   56   56     23.5 -       35072.3957    35071.6413        0.7544   0.23E-03  (   3     4   0    -0.5    -0.5 )(   3     4   0     0.5     0.5 ) 
   63   63     23.5 -       37007.1997    37004.9504        2.2493   0.81E-04  (   3     5   0    -0.5    -0.5 )(   3     5   0     0.5     0.5 ) 
   67   67     23.5 -       38889.4634    38886.4313        3.0321   0.34E-03  (   3     6   0    -0.5    -0.5 )(   3     6   0     0.5     0.5 ) 
   78   78     23.5 -       42486.8653    42485.8206        1.0447   0.17E-03  (   3     8   0    -0.5    -0.5 )(   3     8   0     0.5     0.5 ) 
   37   37     24.5 +       26970.8734    26970.9389       -0.0655   0.75E-04  (   3     0   0     0.5     0.5 )(   3     0   0     0.5     0.5 ) 
   42   42     24.5 +       29082.0589    29079.7260        2.3329   0.34E-03  (   3     1   0     0.5     0.5 )(   3     1   0     0.5     0.5 ) 
   67   67     24.5 +       38976.3474    38973.2159        3.1315   0.34E-03  (   3     6   0     0.5     0.5 )(   3     6   0     0.5     0.5 ) 
   37   37     24.5 -       27067.9799    27068.4658       -0.4859   0.34E-03  (   3     0   0    -0.5    -0.5 )(   3     0   0     0.5     0.5 ) 
   42   42     24.5 -       29178.0793    29176.2258        1.8535   0.34E-03  (   3     1   0    -0.5    -0.5 )(   3     1   0     0.5     0.5 ) 
   63   63     24.5 -       37186.4615    37184.7441        1.7174   0.17E-03  (   3     5   0    -0.5    -0.5 )(   3     5   0     0.5     0.5 ) 
   67   67     24.5 -       39066.3103    39063.5790        2.7314   0.17E-03  (   3     6   0    -0.5    -0.5 )(   3     6   0     0.5     0.5 ) 
   37   37     25.5 +       27169.4129    27169.8588       -0.4459   0.70E-03  (   3     0   0     0.5     0.5 )(   3     0   0     0.5     0.5 ) 
   78   78     25.5 +       42748.8859    42748.2412        0.6447   0.17E-03  (   3     8   0     0.5     0.5 )(   3     8   0     0.5     0.5 ) 
   37   37     25.5 -       27068.4497    27068.4658       -0.0161   0.85E-03  (   3     0   0    -0.5    -0.5 )(   3     0   0     0.5     0.5 ) 
   42   42     25.5 -       29178.5520    29176.2258        2.3262   0.38E-03  (   3     1   0    -0.5    -0.5 )(   3     1   0     0.5     0.5 ) 
   67   67     25.5 -       39066.8145    39063.5790        3.2355   0.17E-03  (   3     6   0    -0.5    -0.5 )(   3     6   0     0.5     0.5 ) 
   78   78     25.5 -       42658.4794    42657.3110        1.1683   0.17E-03  (   3     8   0    -0.5    -0.5 )(   3     8   0     0.5     0.5 ) 
   37   37     26.5 +       27169.8446    27169.8588       -0.0142   0.11E-02  (   3     0   0     0.5     0.5 )(   3     0   0     0.5     0.5 ) 
   78   78     26.5 +       42749.4770    42748.2412        1.2358   0.17E-03  (   3     8   0     0.5     0.5 )(   3     8   0     0.5     0.5 ) 
   37   37     26.5 -       27274.6528    27275.1138       -0.4609   0.83E-03  (   3     0   0    -0.5    -0.5 )(   3     0   0     0.5     0.5 ) 
   37   37     27.5 +       27383.7399    27384.2265       -0.4867   0.84E-03  (   3     0   0     0.5     0.5 )(   3     0   0     0.5     0.5 ) 
   37   37     27.5 -       27275.1258    27275.1138        0.0120   0.34E-03  (   3     0   0    -0.5    -0.5 )(   3     0   0     0.5     0.5 ) 
   37   37     28.5 +       27384.2301    27384.2265        0.0036   0.10E-03  (   3     0   0     0.5     0.5 )(   3     0   0     0.5     0.5 ) 
   37   37     28.5 -       27496.6958    27497.1926       -0.4967   0.73E-03  (   3     0   0    -0.5    -0.5 )(   3     0   0     0.5     0.5 ) 
   37   37     29.5 +       27613.4959    27614.0073       -0.5115   0.17E-03  (   3     0   0     0.5     0.5 )(   3     0   0     0.5     0.5 ) 
   37   37     29.5 -       27497.1928    27497.1926        0.0002   0.73E-03  (   3     0   0    -0.5    -0.5 )(   3     0   0     0.5     0.5 ) 
   37   37     30.5 -       27734.1568    27734.6661       -0.5092   0.56E-03  (   3     0   0    -0.5    -0.5 )(   3     0   0     0.5     0.5 ) 
   37   37     31.5 +       27858.6452    27859.1639       -0.5187   0.11E-02  (   3     0   0     0.5     0.5 )(   3     0   0     0.5     0.5 ) 
   37   37     31.5 -       27734.6860    27734.6661        0.0199   0.56E-03  (   3     0   0    -0.5    -0.5 )(   3     0   0     0.5     0.5 ) 
   37   37     32.5 +       27859.1781    27859.1639        0.0142   0.56E-03  (   3     0   0     0.5     0.5 )(   3     0   0     0.5     0.5 ) 
   37   37     32.5 -       27986.9636    27987.4957       -0.5322   0.11E-02  (   3     0   0    -0.5    -0.5 )(   3     0   0     0.5     0.5 ) 
   42   42     32.5 -       30087.1811    30085.5416        1.6395   0.56E-03  (   3     1   0    -0.5    -0.5 )(   3     1   0     0.5     0.5 ) 
   37   37     33.5 +       28119.1095    28119.6564       -0.5469   0.56E-03  (   3     0   0     0.5     0.5 )(   3     0   0     0.5     0.5 ) 
   37   37     33.5 -       27987.5077    27987.4957        0.0120   0.56E-03  (   3     0   0    -0.5    -0.5 )(   3     0   0     0.5     0.5 ) 
   42   42     33.5 -       30087.7443    30085.5416        2.2027   0.56E-03  (   3     1   0    -0.5    -0.5 )(   3     1   0     0.5     0.5 ) 
   37   37     34.5 +       28119.6883    28119.6564        0.0319   0.56E-03  (   3     0   0     0.5     0.5 )(   3     0   0     0.5     0.5 ) 
   38   38     34.5 -       28255.0849    28255.6405       -0.5556   0.11E-02  (   3     0   0    -0.5    -0.5 )(   3     0   0     0.5     0.5 ) 
   42   42     34.5 -       30352.4156    30350.8396        1.5760   0.56E-03  (   3     1   0    -0.5    -0.5 )(   3     1   0     0.5     0.5 ) 
   38   38     35.5 +       28394.8713    28395.4425       -0.5711   0.11E-02  (   3     0   0     0.5     0.5 )(   3     0   0     0.5     0.5 ) 
   42   42     35.5 +       30490.6744    30489.1551        1.5194   0.56E-03  (   3     1   0     0.5     0.5 )(   3     1   0     0.5     0.5 ) 
   42   42     35.5 -       30353.0029    30350.8396        2.1633   0.56E-03  (   3     1   0    -0.5    -0.5 )(   3     1   0     0.5     0.5 ) 
   38   38     36.5 +       28395.4608    28395.4425        0.0183   0.56E-03  (   3     0   0     0.5     0.5 )(   3     0   0     0.5     0.5 ) 
   42   42     36.5 +       30491.2906    30489.1551        2.1355   0.56E-03  (   3     1   0     0.5     0.5 )(   3     1   0     0.5     0.5 ) 
   38   38     36.5 -       28538.4678    28539.0567       -0.5889   0.56E-03  (   3     0   0    -0.5    -0.5 )(   3     0   0     0.5     0.5 ) 
   42   42     36.5 -       30632.7265    30631.2406        1.4860   0.56E-03  (   3     1   0    -0.5    -0.5 )(   3     1   0     0.5     0.5 ) 
   38   38     37.5 +       28685.8787    28686.4773       -0.5986   0.11E-02  (   3     0   0     0.5     0.5 )(   3     0   0     0.5     0.5 ) 
   42   42     37.5 -       30633.3399    30631.2406        2.0993   0.56E-03  (   3     1   0    -0.5    -0.5 )(   3     1   0     0.5     0.5 ) 
   38   38     38.5 +       28686.4975    28686.4773        0.0202   0.56E-03  (   3     0   0     0.5     0.5 )(   3     0   0     0.5     0.5 ) 
   38   38     38.5 -       28837.0890    28837.6982       -0.6092   0.11E-02  (   3     0   0    -0.5    -0.5 )(   3     0   0     0.5     0.5 ) 
   43   43     38.5 -       30928.0810    30926.6977        1.3833   0.56E-03  (   3     1   0    -0.5    -0.5 )(   3     1   0     0.5     0.5 ) 
   38   38     39.5 +       28992.0938    28992.7134       -0.6196   0.56E-03  (   3     0   0     0.5     0.5 )(   3     0   0     0.5     0.5 ) 
   38   38     39.5 -       28837.7163    28837.6982        0.0181   0.56E-03  (   3     0   0    -0.5    -0.5 )(   3     0   0     0.5     0.5 ) 
   42   42     39.5 -       30928.7457    30926.6977        2.0480   0.56E-03  (   3     1   0    -0.5    -0.5 )(   3     1   0     0.5     0.5 ) 
   38   38     40.5 +       28992.7449    28992.7134        0.0315   0.11E-02  (   3     0   0     0.5     0.5 )(   3     0   0     0.5     0.5 ) 
   43   43     40.5 +       31082.0643    31080.0570        2.0073   0.56E-03  (   3     1   0     0.5     0.5 )(   3     1   0     0.5     0.5 ) 
   38   38     40.5 -       29150.8810    29151.5164       -0.6354   0.11E-02  (   3     0   0    -0.5    -0.5 )(   3     0   0     0.5     0.5 ) 
   44   44     40.5 -       31238.4441    31237.1616        1.2826   0.56E-03  (   3     1   0    -0.5    -0.5 )(   3     1   0     0.5     0.5 ) 
   38   38     41.5 +       29313.4531    29314.1009       -0.6478   0.11E-02  (   3     0   0     0.5     0.5 )(   3     0   0     0.5     0.5 ) 
   44   44     41.5 +       31399.2216    31398.0049        1.2166   0.56E-03  (   3     1   0     0.5     0.5 )(   3     1   0     0.5     0.5 ) 
   38   38     41.5 -       29151.5463    29151.5164        0.0298   0.11E-02  (   3     0   0    -0.5    -0.5 )(   3     0   0     0.5     0.5 ) 
   43   43     41.5 -       31239.1353    31237.1616        1.9737   0.56E-03  (   3     1   0    -0.5    -0.5 )(   3     1   0     0.5     0.5 ) 
   38   38     42.5 +       29314.1290    29314.1009        0.0281   0.11E-02  (   3     0   0     0.5     0.5 )(   3     0   0     0.5     0.5 ) 
   38   38     42.5 -       29479.7915    29480.4602       -0.6686   0.11E-02  (   3     0   0    -0.5    -0.5 )(   3     0   0     0.5     0.5 ) 
   38   38     43.5 +       29649.9081    29650.5874       -0.6793   0.11E-02  (   3     0   0     0.5     0.5 )(   3     0   0     0.5     0.5 ) 
   38   38     43.5 -       29480.4849    29480.4602        0.0248   0.11E-02  (   3     0   0    -0.5    -0.5 )(   3     0   0     0.5     0.5 ) 
   38   38     44.5 +       29650.6129    29650.5874        0.0255   0.11E-02  (   3     0   0     0.5     0.5 )(   3     0   0     0.5     0.5 ) 
   38   38     44.5 -       29823.7794    29824.4757       -0.6963   0.11E-02  (   3     0   0    -0.5    -0.5 )(   3     0   0     0.5     0.5 ) 
   38   38     45.5 +       30001.4117    30002.1180       -0.7063   0.11E-02  (   3     0   0     0.5     0.5 )(   3     0   0     0.5     0.5 ) 
   38   38     45.5 -       29824.4990    29824.4757        0.0233   0.11E-02  (   3     0   0    -0.5    -0.5 )(   3     0   0     0.5     0.5 ) 
   38   38     46.5 +       30002.1437    30002.1180        0.0257   0.11E-02  (   3     0   0     0.5     0.5 )(   3     0   0     0.5     0.5 ) 
   38   38     46.5 -       30182.7840    30183.5069       -0.7230   0.11E-02  (   3     0   0    -0.5    -0.5 )(   3     0   0     0.5     0.5 ) 
   38   38     47.5 +       30367.8991    30368.6351       -0.7360   0.11E-02  (   3     0   0     0.5     0.5 )(   3     0   0     0.5     0.5 ) 
   38   38     47.5 -       30183.5298    30183.5069        0.0229   0.11E-02  (   3     0   0    -0.5    -0.5 )(   3     0   0     0.5     0.5 ) 
   38   38     48.5 +       30368.6498    30368.6351        0.0146   0.11E-02  (   3     0   0     0.5     0.5 )(   3     0   0     0.5     0.5 ) 
   39   39     48.5 -       30556.7404    30557.4950       -0.7546   0.11E-02  (   3     0   0    -0.5    -0.5 )(   3     0   0     0.5     0.5 ) 
   39   39     49.5 +       30749.3149    30750.0789       -0.7640   0.11E-02  (   3     0   0     0.5     0.5 )(   3     0   0     0.5     0.5 ) 
   38   38     49.5 -       30557.5045    30557.4950        0.0095   0.11E-02  (   3     0   0    -0.5    -0.5 )(   3     0   0     0.5     0.5 ) 
   38   38     50.5 +       30750.0908    30750.0789        0.0120   0.11E-02  (   3     0   0     0.5     0.5 )(   3     0   0     0.5     0.5 ) 
   40   40     50.5 -       30945.5943    30946.3788       -0.7845   0.11E-02  (   3     0   0    -0.5    -0.5 )(   3     0   0     0.5     0.5 ) 
   40   40     51.5 +       31145.5924    31146.3867       -0.7943   0.11E-02  (   3     0   0     0.5     0.5 )(   3     0   0     0.5     0.5 ) 
   39   39     51.5 -       30946.3861    30946.3788        0.0073   0.11E-02  (   3     0   0    -0.5    -0.5 )(   3     0   0     0.5     0.5 ) 
   39   39     52.5 +       31146.3935    31146.3867        0.0068   0.11E-02  (   3     0   0     0.5     0.5 )(   3     0   0     0.5     0.5 ) 
   40   40     52.5 -       31349.2778    31350.0945       -0.8166   0.11E-02  (   3     0   0    -0.5    -0.5 )(   3     0   0     0.5     0.5 ) 
   40   40     53.5 +       31556.6663    31557.4937       -0.8274   0.11E-02  (   3     0   0     0.5     0.5 )(   3     0   0     0.5     0.5 ) 
   39   39     53.5 -       31350.0971    31350.0945        0.0026   0.11E-02  (   3     0   0    -0.5    -0.5 )(   3     0   0     0.5     0.5 ) 
   40   40     54.5 +       31557.4938    31557.4937        0.0001   0.11E-02  (   3     0   0     0.5     0.5 )(   3     0   0     0.5     0.5 ) 
   40   40     54.5 -       31767.7165    31768.5758       -0.8594   0.11E-02  (   3     0   0    -0.5    -0.5 )(   3     0   0     0.5     0.5 ) 
   40   40     55.5 +       31982.4780    31983.3322       -0.8542   0.11E-02  (   3     0   0     0.5     0.5 )(   3     0   0     0.5     0.5 ) 
   40   40     55.5 -       31768.5626    31768.5758       -0.0132   0.11E-02  (   3     0   0    -0.5    -0.5 )(   3     0   0     0.5     0.5 ) 
   40   40     56.5 +       31983.3109    31983.3322       -0.0213   0.11E-02  (   3     0   0     0.5     0.5 )(   3     0   0     0.5     0.5 ) 
   40   40     61.5 +       33347.5836    33348.5241       -0.9405   0.56E-03  (   3     0   0     0.5     0.5 )(   3     0   0     0.5     0.5 ) 
   40   40     62.5 +       33348.5033    33348.5241       -0.0207   0.56E-03  (   3     0   0     0.5     0.5 )(   3     0   0     0.5     0.5 ) 
   40   40     62.5 -       33587.7718    33588.7440       -0.9722   0.56E-03  (   3     0   0    -0.5    -0.5 )(   3     0   0     0.5     0.5 ) 
   40   40     63.5 -       33588.7162    33588.7440       -0.0278   0.56E-03  (   3     0   0    -0.5    -0.5 )(   3     0   0     0.5     0.5 ) 
